200
1 2 8
2 3 7
3 4 2
4 5 5
5 6 8
6 7 5
7 8 1
8 9 3
9 10 7
10 11 3
11 12 7
12 13 8
13 14 5
14 15 9
15 16 10
16 17 7
17 18 8
18 19 1
19 20 5
20 21 10
21 22 6
22 23 3
23 24 5
24 25 6
25 26 6
26 27 9
27 28 2
28 29 3
29 30 2
30 31 3
31 32 1
32 33 8
33 34 8
34 35 6
35 36 5
36 37 1
37 38 2
38 39 3
39 40 3
40 41 9
41 42 3
42 43 1
43 44 8
44 45 10
45 46 8
46 47 1
47 48 6
48 49 1
49 50 3
50 51 6
51 52 5
52 53 7
53 54 10
54 55 6
55 56 5
56 57 5
57 58 6
58 59 4
59 60 1
60 61 1
61 62 10
62 63 3
63 64 1
64 65 3
65 66 10
66 67 7
67 68 6
68 69 6
69 70 10
70 71 10
71 72 9
72 73 5
73 74 1
74 75 9
75 76 3
76 77 6
77 78 10
78 79 4
79 80 9
80 81 5
81 82 2
82 83 2
83 84 1
84 85 8
85 86 7
86 87 5
87 88 2
88 89 1
89 90 4
90 91 9
91 92 6
92 93 6
93 94 1
94 95 3
95 96 4
96 97 2
97 98 1
98 99 3
99 100 7
100 1 10
1 101 999
2 102 999
3 103 999
4 104 999
5 105 999
6 106 999
7 107 999
8 108 999
9 109 999
10 110 999
11 111 999
12 112 999
13 113 999
14 114 999
15 115 999
16 116 999
17 117 999
18 118 999
19 119 999
20 120 999
21 121 999
22 122 999
23 123 999
24 124 999
25 125 999
26 126 999
27 127 999
28 128 999
29 129 999
30 130 999
31 131 999
32 132 999
33 133 999
34 134 999
35 135 999
36 136 999
37 137 999
38 138 999
39 139 999
40 140 999
41 141 999
42 142 999
43 143 999
44 144 999
45 145 999
46 146 999
47 147 999
48 148 999
49 149 999
50 150 999
51 151 999
52 152 999
53 153 999
54 154 999
55 155 999
56 156 999
57 157 999
58 158 999
59 159 999
60 160 999
61 161 999
62 162 999
63 163 999
64 164 999
65 165 999
66 166 999
67 167 999
68 168 999
69 169 999
70 170 999
71 171 999
72 172 999
73 173 999
74 174 999
75 175 999
76 176 999
77 177 999
78 178 999
79 179 999
80 180 999
81 181 999
82 182 999
83 183 999
84 184 999
85 185 999
86 186 999
87 187 999
88 188 999
89 189 999
90 190 999
91 191 999
92 192 999
93 193 999
94 194 999
95 195 999
96 196 999
97 197 999
98 198 999
99 199 999
100 200 999
0
