1000
1 2 4
2 3 3
3 4 7
4 5 7
5 6 4
6 7 10
7 8 1
8 9 4
9 10 7
10 11 8
11 12 7
12 13 7
13 14 3
14 15 2
15 16 2
16 17 2
17 18 5
18 19 2
19 20 4
20 21 2
21 22 8
22 23 7
23 24 5
24 25 4
25 26 9
26 27 4
27 28 3
28 29 4
29 30 6
30 31 9
31 32 10
32 33 8
33 34 10
34 35 6
35 36 3
36 37 9
37 38 4
38 39 8
39 40 8
40 41 7
41 42 2
42 43 6
43 44 6
44 45 3
45 46 4
46 47 7
47 48 7
48 49 3
49 50 9
50 51 3
51 52 8
52 53 4
53 54 10
54 55 3
55 56 8
56 57 2
57 58 7
58 59 10
59 60 7
60 61 1
61 62 5
62 63 9
63 64 4
64 65 1
65 66 6
66 67 7
67 68 7
68 69 1
69 70 8
70 71 8
71 72 9
72 73 4
73 74 10
74 75 9
75 76 8
76 77 6
77 78 2
78 79 7
79 80 1
80 81 10
81 82 3
82 83 1
83 84 2
84 85 10
85 86 1
86 87 5
87 88 4
88 89 2
89 90 5
90 91 9
91 92 7
92 93 7
93 94 7
94 95 5
95 96 4
96 97 9
97 98 8
98 99 8
99 100 8
100 101 1
101 102 8
102 103 7
103 104 10
104 105 6
105 106 5
106 107 7
107 108 1
108 109 9
109 110 2
110 111 6
111 112 1
112 113 9
113 114 1
114 115 10
115 116 4
116 117 7
117 118 4
118 119 6
119 120 10
120 121 8
121 122 2
122 123 4
123 124 4
124 125 8
125 126 9
126 127 5
127 128 4
128 129 1
129 130 4
130 131 9
131 132 3
132 133 6
133 134 10
134 135 7
135 136 9
136 137 8
137 138 7
138 139 10
139 140 10
140 141 2
141 142 5
142 143 6
143 144 10
144 145 6
145 146 3
146 147 2
147 148 3
148 149 2
149 150 7
150 151 4
151 152 5
152 153 1
153 154 2
154 155 6
155 156 2
156 157 9
157 158 2
158 159 8
159 160 8
160 161 8
161 162 2
162 163 1
163 164 10
164 165 8
165 166 2
166 167 1
167 168 6
168 169 5
169 170 8
170 171 10
171 172 1
172 173 1
173 174 10
174 175 6
175 176 3
176 177 7
177 178 4
178 179 6
179 180 7
180 181 4
181 182 9
182 183 5
183 184 8
184 185 10
185 186 9
186 187 8
187 188 4
188 189 1
189 190 2
190 191 1
191 192 10
192 193 1
193 194 1
194 195 8
195 196 8
196 197 2
197 198 8
198 199 9
199 200 8
200 201 2
201 202 6
202 203 5
203 204 9
204 205 7
205 206 4
206 207 1
207 208 6
208 209 6
209 210 3
210 211 1
211 212 1
212 213 6
213 214 6
214 215 6
215 216 3
216 217 9
217 218 10
218 219 10
219 220 1
220 221 4
221 222 9
222 223 7
223 224 3
224 225 4
225 226 9
226 227 1
227 228 7
228 229 10
229 230 5
230 231 4
231 232 10
232 233 4
233 234 10
234 235 9
235 236 9
236 237 10
237 238 4
238 239 6
239 240 6
240 241 8
241 242 8
242 243 3
243 244 8
244 245 4
245 246 1
246 247 7
247 248 2
248 249 9
249 250 5
250 251 9
251 252 2
252 253 6
253 254 1
254 255 9
255 256 2
256 257 8
257 258 9
258 259 6
259 260 2
260 261 6
261 262 10
262 263 1
263 264 1
264 265 6
265 266 3
266 267 4
267 268 9
268 269 4
269 270 4
270 271 2
271 272 4
272 273 10
273 274 6
274 275 4
275 276 6
276 277 2
277 278 10
278 279 8
279 280 2
280 281 6
281 282 10
282 283 10
283 284 4
284 285 7
285 286 8
286 287 1
287 288 2
288 289 8
289 290 1
290 291 6
291 292 3
292 293 6
293 294 10
294 295 5
295 296 6
296 297 3
297 298 7
298 299 3
299 300 8
300 301 9
301 302 6
302 303 10
303 304 7
304 305 5
305 306 8
306 307 8
307 308 10
308 309 5
309 310 4
310 311 9
311 312 2
312 313 3
313 314 8
314 315 4
315 316 4
316 317 4
317 318 6
318 319 5
319 320 2
320 321 1
321 322 5
322 323 1
323 324 3
324 325 9
325 326 2
326 327 6
327 328 7
328 329 4
329 330 10
330 331 10
331 332 3
332 333 1
333 334 8
334 335 10
335 336 10
336 337 3
337 338 5
338 339 6
339 340 2
340 341 7
341 342 9
342 343 1
343 344 10
344 345 4
345 346 7
346 347 10
347 348 7
348 349 9
349 350 8
350 351 2
351 352 2
352 353 8
353 354 3
354 355 1
355 356 5
356 357 2
357 358 8
358 359 5
359 360 4
360 361 9
361 362 5
362 363 1
363 364 5
364 365 3
365 366 2
366 367 5
367 368 10
368 369 1
369 370 4
370 371 6
371 372 9
372 373 9
373 374 2
374 375 1
375 376 9
376 377 6
377 378 8
378 379 7
379 380 1
380 381 1
381 382 2
382 383 7
383 384 4
384 385 8
385 386 3
386 387 1
387 388 8
388 389 8
389 390 8
390 391 4
391 392 6
392 393 8
393 394 4
394 395 5
395 396 3
396 397 6
397 398 10
398 399 1
399 400 4
400 401 1
401 402 2
402 403 6
403 404 1
404 405 2
405 406 10
406 407 4
407 408 7
408 409 5
409 410 10
410 411 3
411 412 10
412 413 3
413 414 3
414 415 7
415 416 7
416 417 4
417 418 10
418 419 10
419 420 3
420 421 9
421 422 9
422 423 10
423 424 7
424 425 5
425 426 2
426 427 1
427 428 6
428 429 4
429 430 4
430 431 5
431 432 5
432 433 9
433 434 5
434 435 10
435 436 2
436 437 8
437 438 3
438 439 9
439 440 7
440 441 7
441 442 6
442 443 9
443 444 10
444 445 6
445 446 4
446 447 8
447 448 2
448 449 4
449 450 4
450 451 7
451 452 7
452 453 8
453 454 2
454 455 2
455 456 6
456 457 2
457 458 7
458 459 8
459 460 5
460 461 5
461 462 1
462 463 7
463 464 7
464 465 2
465 466 2
466 467 9
467 468 7
468 469 1
469 470 3
470 471 4
471 472 9
472 473 3
473 474 10
474 475 8
475 476 10
476 477 4
477 478 3
478 479 6
479 480 5
480 481 4
481 482 4
482 483 4
483 484 2
484 485 3
485 486 5
486 487 2
487 488 1
488 489 3
489 490 9
490 491 8
491 492 1
492 493 3
493 494 1
494 495 3
495 496 6
496 497 7
497 498 3
498 499 6
499 500 1
500 1 7
1 501 999
2 502 999
3 503 999
4 504 999
5 505 999
6 506 999
7 507 999
8 508 999
9 509 999
10 510 999
11 511 999
12 512 999
13 513 999
14 514 999
15 515 999
16 516 999
17 517 999
18 518 999
19 519 999
20 520 999
21 521 999
22 522 999
23 523 999
24 524 999
25 525 999
26 526 999
27 527 999
28 528 999
29 529 999
30 530 999
31 531 999
32 532 999
33 533 999
34 534 999
35 535 999
36 536 999
37 537 999
38 538 999
39 539 999
40 540 999
41 541 999
42 542 999
43 543 999
44 544 999
45 545 999
46 546 999
47 547 999
48 548 999
49 549 999
50 550 999
51 551 999
52 552 999
53 553 999
54 554 999
55 555 999
56 556 999
57 557 999
58 558 999
59 559 999
60 560 999
61 561 999
62 562 999
63 563 999
64 564 999
65 565 999
66 566 999
67 567 999
68 568 999
69 569 999
70 570 999
71 571 999
72 572 999
73 573 999
74 574 999
75 575 999
76 576 999
77 577 999
78 578 999
79 579 999
80 580 999
81 581 999
82 582 999
83 583 999
84 584 999
85 585 999
86 586 999
87 587 999
88 588 999
89 589 999
90 590 999
91 591 999
92 592 999
93 593 999
94 594 999
95 595 999
96 596 999
97 597 999
98 598 999
99 599 999
100 600 999
101 601 999
102 602 999
103 603 999
104 604 999
105 605 999
106 606 999
107 607 999
108 608 999
109 609 999
110 610 999
111 611 999
112 612 999
113 613 999
114 614 999
115 615 999
116 616 999
117 617 999
118 618 999
119 619 999
120 620 999
121 621 999
122 622 999
123 623 999
124 624 999
125 625 999
126 626 999
127 627 999
128 628 999
129 629 999
130 630 999
131 631 999
132 632 999
133 633 999
134 634 999
135 635 999
136 636 999
137 637 999
138 638 999
139 639 999
140 640 999
141 641 999
142 642 999
143 643 999
144 644 999
145 645 999
146 646 999
147 647 999
148 648 999
149 649 999
150 650 999
151 651 999
152 652 999
153 653 999
154 654 999
155 655 999
156 656 999
157 657 999
158 658 999
159 659 999
160 660 999
161 661 999
162 662 999
163 663 999
164 664 999
165 665 999
166 666 999
167 667 999
168 668 999
169 669 999
170 670 999
171 671 999
172 672 999
173 673 999
174 674 999
175 675 999
176 676 999
177 677 999
178 678 999
179 679 999
180 680 999
181 681 999
182 682 999
183 683 999
184 684 999
185 685 999
186 686 999
187 687 999
188 688 999
189 689 999
190 690 999
191 691 999
192 692 999
193 693 999
194 694 999
195 695 999
196 696 999
197 697 999
198 698 999
199 699 999
200 700 999
201 701 999
202 702 999
203 703 999
204 704 999
205 705 999
206 706 999
207 707 999
208 708 999
209 709 999
210 710 999
211 711 999
212 712 999
213 713 999
214 714 999
215 715 999
216 716 999
217 717 999
218 718 999
219 719 999
220 720 999
221 721 999
222 722 999
223 723 999
224 724 999
225 725 999
226 726 999
227 727 999
228 728 999
229 729 999
230 730 999
231 731 999
232 732 999
233 733 999
234 734 999
235 735 999
236 736 999
237 737 999
238 738 999
239 739 999
240 740 999
241 741 999
242 742 999
243 743 999
244 744 999
245 745 999
246 746 999
247 747 999
248 748 999
249 749 999
250 750 999
251 751 999
252 752 999
253 753 999
254 754 999
255 755 999
256 756 999
257 757 999
258 758 999
259 759 999
260 760 999
261 761 999
262 762 999
263 763 999
264 764 999
265 765 999
266 766 999
267 767 999
268 768 999
269 769 999
270 770 999
271 771 999
272 772 999
273 773 999
274 774 999
275 775 999
276 776 999
277 777 999
278 778 999
279 779 999
280 780 999
281 781 999
282 782 999
283 783 999
284 784 999
285 785 999
286 786 999
287 787 999
288 788 999
289 789 999
290 790 999
291 791 999
292 792 999
293 793 999
294 794 999
295 795 999
296 796 999
297 797 999
298 798 999
299 799 999
300 800 999
301 801 999
302 802 999
303 803 999
304 804 999
305 805 999
306 806 999
307 807 999
308 808 999
309 809 999
310 810 999
311 811 999
312 812 999
313 813 999
314 814 999
315 815 999
316 816 999
317 817 999
318 818 999
319 819 999
320 820 999
321 821 999
322 822 999
323 823 999
324 824 999
325 825 999
326 826 999
327 827 999
328 828 999
329 829 999
330 830 999
331 831 999
332 832 999
333 833 999
334 834 999
335 835 999
336 836 999
337 837 999
338 838 999
339 839 999
340 840 999
341 841 999
342 842 999
343 843 999
344 844 999
345 845 999
346 846 999
347 847 999
348 848 999
349 849 999
350 850 999
351 851 999
352 852 999
353 853 999
354 854 999
355 855 999
356 856 999
357 857 999
358 858 999
359 859 999
360 860 999
361 861 999
362 862 999
363 863 999
364 864 999
365 865 999
366 866 999
367 867 999
368 868 999
369 869 999
370 870 999
371 871 999
372 872 999
373 873 999
374 874 999
375 875 999
376 876 999
377 877 999
378 878 999
379 879 999
380 880 999
381 881 999
382 882 999
383 883 999
384 884 999
385 885 999
386 886 999
387 887 999
388 888 999
389 889 999
390 890 999
391 891 999
392 892 999
393 893 999
394 894 999
395 895 999
396 896 999
397 897 999
398 898 999
399 899 999
400 900 999
401 901 999
402 902 999
403 903 999
404 904 999
405 905 999
406 906 999
407 907 999
408 908 999
409 909 999
410 910 999
411 911 999
412 912 999
413 913 999
414 914 999
415 915 999
416 916 999
417 917 999
418 918 999
419 919 999
420 920 999
421 921 999
422 922 999
423 923 999
424 924 999
425 925 999
426 926 999
427 927 999
428 928 999
429 929 999
430 930 999
431 931 999
432 932 999
433 933 999
434 934 999
435 935 999
436 936 999
437 937 999
438 938 999
439 939 999
440 940 999
441 941 999
442 942 999
443 943 999
444 944 999
445 945 999
446 946 999
447 947 999
448 948 999
449 949 999
450 950 999
451 951 999
452 952 999
453 953 999
454 954 999
455 955 999
456 956 999
457 957 999
458 958 999
459 959 999
460 960 999
461 961 999
462 962 999
463 963 999
464 964 999
465 965 999
466 966 999
467 967 999
468 968 999
469 969 999
470 970 999
471 971 999
472 972 999
473 973 999
474 974 999
475 975 999
476 976 999
477 977 999
478 978 999
479 979 999
480 980 999
481 981 999
482 982 999
483 983 999
484 984 999
485 985 999
486 986 999
487 987 999
488 988 999
489 989 999
490 990 999
491 991 999
492 992 999
493 993 999
494 994 999
495 995 999
496 996 999
497 997 999
498 998 999
499 999 999
500 1000 999
0
