100
1 2 1
2 3 4
3 4 1
4 5 1
5 6 9
6 7 10
7 8 10
8 9 3
9 10 6
10 11 9
11 12 2
12 13 8
13 14 2
14 15 1
15 16 6
16 17 1
17 18 4
18 19 6
19 20 4
20 21 2
21 22 7
22 23 3
23 24 8
24 25 7
25 26 7
26 27 1
27 28 9
28 29 3
29 30 7
30 31 7
31 32 1
32 33 4
33 34 7
34 35 7
35 36 10
36 37 1
37 38 3
38 39 2
39 40 6
40 41 10
41 42 8
42 43 7
43 44 10
44 45 3
45 46 3
46 47 5
47 48 6
48 49 2
49 50 7
50 1 8
1 51 999
2 52 999
3 53 999
4 54 999
5 55 999
6 56 999
7 57 999
8 58 999
9 59 999
10 60 999
11 61 999
12 62 999
13 63 999
14 64 999
15 65 999
16 66 999
17 67 999
18 68 999
19 69 999
20 70 999
21 71 999
22 72 999
23 73 999
24 74 999
25 75 999
26 76 999
27 77 999
28 78 999
29 79 999
30 80 999
31 81 999
32 82 999
33 83 999
34 84 999
35 85 999
36 86 999
37 87 999
38 88 999
39 89 999
40 90 999
41 91 999
42 92 999
43 93 999
44 94 999
45 95 999
46 96 999
47 97 999
48 98 999
49 99 999
50 100 999
0
