1
0
2
1 2 9
0
3
1 2 10
1 3 3
2 3 5
0
4
1 2 6
1 3 4
1 4 2
2 3 7
2 4 3
3 4 3
0
5
1 2 7
1 3 4
1 4 5
1 5 6
2 3 9
2 4 6
2 5 10
3 4 2
3 5 6
4 5 9
0
6
1 2 4
1 3 1
1 4 4
1 5 5
1 6 5
2 3 4
2 4 1
2 5 6
2 6 2
3 4 8
3 5 8
3 6 8
4 5 7
4 6 9
5 6 4
0
7
1 2 5
1 3 5
1 4 7
1 5 6
1 6 2
1 7 7
2 3 6
2 4 1
2 5 6
2 6 9
2 7 4
3 4 1
3 5 10
3 6 10
3 7 8
4 5 8
4 6 6
4 7 5
5 6 2
5 7 1
6 7 9
0
8
1 2 5
1 3 10
1 4 8
1 5 2
1 6 2
1 7 6
1 8 10
2 3 10
2 4 7
2 5 3
2 6 5
2 7 1
2 8 1
3 4 7
3 5 5
3 6 8
3 7 7
3 8 2
4 5 4
4 6 1
4 7 4
4 8 8
5 6 8
5 7 5
5 8 3
6 7 2
6 8 4
7 8 7
0
9
1 2 1
1 3 8
1 4 2
1 5 8
1 6 6
1 7 2
1 8 2
1 9 5
2 3 1
2 4 5
2 5 4
2 6 7
2 7 3
2 8 2
2 9 4
3 4 5
3 5 10
3 6 7
3 7 5
3 8 7
3 9 1
4 5 6
4 6 8
4 7 7
4 8 7
4 9 8
5 6 4
5 7 2
5 8 8
5 9 9
6 7 8
6 8 8
6 9 8
7 8 2
7 9 8
8 9 2
0