2
1 2 999
0
4
1 2 1
1 3 999
2 4 999
0
6
1 2 1
1 3 1
2 3 1
1 4 999
2 5 999
3 6 999
0
8
1 2 1
1 3 1
1 4 1
2 3 1
2 4 1
3 4 1
1 5 999
2 6 999
3 7 999
4 8 999
0
10
1 2 1
1 3 1
1 4 1
1 5 1
2 3 1
2 4 1
2 5 1
3 4 1
3 5 1
4 5 1
1 6 999
2 7 999
3 8 999
4 9 999
5 10 999
0
12
1 2 1
1 3 1
1 4 1
1 5 1
1 6 1
2 3 1
2 4 1
2 5 1
2 6 1
3 4 1
3 5 1
3 6 1
4 5 1
4 6 1
5 6 1
1 7 999
2 8 999
3 9 999
4 10 999
5 11 999
6 12 999
0
14
1 2 1
1 3 1
1 4 1
1 5 1
1 6 1
1 7 1
2 3 1
2 4 1
2 5 1
2 6 1
2 7 1
3 4 1
3 5 1
3 6 1
3 7 1
4 5 1
4 6 1
4 7 1
5 6 1
5 7 1
6 7 1
1 8 999
2 9 999
3 10 999
4 11 999
5 12 999
6 13 999
7 14 999
0
16
1 2 1
1 3 1
1 4 1
1 5 1
1 6 1
1 7 1
1 8 1
2 3 1
2 4 1
2 5 1
2 6 1
2 7 1
2 8 1
3 4 1
3 5 1
3 6 1
3 7 1
3 8 1
4 5 1
4 6 1
4 7 1
4 8 1
5 6 1
5 7 1
5 8 1
6 7 1
6 8 1
7 8 1
1 9 999
2 10 999
3 11 999
4 12 999
5 13 999
6 14 999
7 15 999
8 16 999
0
18
1 2 1
1 3 1
1 4 1
1 5 1
1 6 1
1 7 1
1 8 1
1 9 1
2 3 1
2 4 1
2 5 1
2 6 1
2 7 1
2 8 1
2 9 1
3 4 1
3 5 1
3 6 1
3 7 1
3 8 1
3 9 1
4 5 1
4 6 1
4 7 1
4 8 1
4 9 1
5 6 1
5 7 1
5 8 1
5 9 1
6 7 1
6 8 1
6 9 1
7 8 1
7 9 1
8 9 1
1 10 999
2 11 999
3 12 999
4 13 999
5 14 999
6 15 999
7 16 999
8 17 999
9 18 999
0